89.57 86.68 42.0 27.0 89.57 29.35 857.24 75320.74 3.17 6.0 -0.027783102540627148 3.479247666389806e-05 0.002697864949335734 0.38 1201.95 0.45 15.8 0.35 2729.37 0.4 26.19 0.39 1489.57 0.44 17.77 0.37 2020.9 0.41 21.37 0.7776681708448162 39.46101827387509 0.7061200923787528 0.4470029239766082 0.25481568999909454 0.5047927198356713 3.028461482629265 5.588662695063246 2.0 
66.19 85.52 6.0 30.0 66.19 28.57 3724.55 130915.06 2.74 6.0 -0.04490229457541773 4.36568000114156e-05 0.0018913237596848529 0.52 1252.72 0.56 15.69 0.49 2763.35 0.52 25.44 0.52 1446.0 0.56 17.22 0.5 1902.96 0.54 20.03 0.9542696421343914 48.01912968302716 0.4550251256281407 0.23955026455026454 0.05414052094238884 0.232681157256854 2.987010061032935 5.516000550820291 2.0 
90.63 85.18 59.0 198.0 90.63 28.34 690.17 76187.7 3.33 6.0 -0.027001316090638595 3.282903941875766e-05 0.002024770224493142 0.37 943.43 0.46 13.66 0.33 2559.49 0.37 26.79 0.36 1773.48 0.41 21.59 0.34 2271.12 0.38 25.11 0.939647144996349 39.76636159571394 0.6250629089079014 0.43487394957983194 0.1846974990179143 0.4297644692362484 3.053491076467866 5.6323895701909255 2.0 
211.08 82.03 255.0 255.0 211.08 26.29 -6807.35 271471.93 2.25 255.0 0.03616638532845045 2.9601283942072176e-05 0.001216227236526655 0.64 2715.65 0.65 24.43 0.64 2621.57 0.67 20.77 0.64 3332.6 0.65 27.51 0.63 6672.92 0.64 38.83 0.8591951710116476 231.41678524062527 0.8784303078401069 0.49536562672979306 0.5203756862165295 0.7213706995827661 3.0282410612421504 5.588136491013332 1.0 
213.65 80.38 255.0 255.0 213.65 25.24 -7184.14 291402.89 2.08 255.0 0.041714708743419544 4.287937065499479e-05 0.002437715718699466 0.67 2480.74 0.69 21.9 0.68 2583.83 0.69 21.51 0.67 2464.63 0.69 21.19 0.67 5725.67 0.68 34.6 0.8369519747108527 241.44150288663025 0.8564320320245422 0.5630657221566312 0.3977074936901357 0.630640542377459 3.05570182725791 5.636084303488013 1.0 
165.16 98.7 227.0 234.0 165.16 38.05 -3780.06 125667.64 3.06 6.0 0.027586404211490032 3.148164915838746e-05 0.0007997470056659042 0.23 1605.19 0.41 13.9 0.19 3152.88 0.35 20.9 0.22 2027.88 0.43 14.84 0.2 2604.69 0.35 17.96 0.7333372237314635 35.28779214899948 0.9394812680115274 0.7107558139534884 0.7932919279788508 0.8906693707425055 3.065390597443502 5.652734148464975 1.0 
211.64 79.96 255.0 255.0 211.64 24.97 -6718.95 269059.59 2.38 255.0 0.04104486152437629 3.451868478692577e-05 0.0012547593116452663 0.62 2023.52 0.65 20.7 0.61 5032.94 0.63 33.81 0.62 2205.92 0.65 21.4 0.63 2143.76 0.65 19.59 0.8811685723174985 54.630334914397345 0.8720238095238095 0.5857071464267866 0.5203183492232334 0.721330956789762 3.055021385756774 5.634921952879516 1.0 
89.76 90.27 39.0 26.0 89.76 31.83 1576.06 88045.19 3.6 6.0 -0.027645056076905476 4.1033084537232925e-05 0.00244015368202282 0.35 1948.33 0.4 23.6 0.32 2529.62 0.37 26.79 0.34 1468.99 0.4 20.03 0.31 3125.03 0.36 30.75 0.7958852962636452 105.70690727003505 0.5472345201721021 0.36953134868836585 0.030811448250299616 0.1755319009476614 3.0423954903162063 5.613187978258074 2.0 
115.54 95.77 132.5 222.0 115.54 35.83 -339.9 75286.39 3.65 6.0 -0.008761301213092237 3.4956077856352566e-05 0.003313522390831716 0.27 1565.6 0.38 18.75 0.24 2884.83 0.3 28.12 0.26 2212.34 0.35 23.66 0.23 3669.03 0.29 32.64 0.8172330997985255 38.298458918537534 0.6144 0.488135593220339 0.1287482169979719 0.3588150177988261 3.064101540534986 5.650587137967427 2.0 
145.84 115.19 222.0 253.0 145.84 51.83 -1310.77 79360.87 2.52 253.0 0.013431992446784169 4.0203511289630894e-05 0.0027666450258291286 0.45 1985.21 0.66 18.92 0.43 3563.32 0.62 26.29 0.45 1385.02 0.66 15.78 0.44 2487.07 0.64 21.75 0.9403351745286146 41.750029182533964 0.8714194780394653 0.6004385964912281 0.4406807859045879 0.6638379214119873 3.0619501048464564 5.64692158264273 1.0 
218.24 73.86 254.0 255.0 218.24 21.31 -8050.77 352018.73 2.82 255.0 0.05283174067292287 4.152407831302816e-05 0.0013225863517490014 0.4 1742.16 0.5 18.36 0.38 2565.4 0.48 21.71 0.41 1826.3 0.52 18.91 0.39 3575.96 0.49 26.22 0.7792138040648717 64.07961869245868 0.9345117357287742 0.7161892071952032 0.6744061904945913 0.8212223757878199 3.0699517619899543 5.660581934737348 1.0 
66.84 79.36 6.0 28.0 66.84 24.6 2950.94 111214.94 2.84 6.0 -0.04442950331883727 7.313718536394213e-05 0.0015028723256093092 0.5 1394.18 0.53 18.11 0.47 1986.21 0.5 22.21 0.5 865.99 0.54 13.35 0.47 1956.35 0.5 22.16 0.951005506197738 50.83971160237222 0.5076269067266816 0.3151684521037106 0.10448925402771853 0.32324797606128725 3.0101727770672713 5.557087625915784 2.0 
116.42 83.49 166.0 201.0 116.42 27.23 -1675.71 86858.47 3.7 6.0 -0.00811827649347677 3.2251880512336424e-05 0.0012650049828885346 0.27 951.93 0.36 14.45 0.24 2250.26 0.29 24.25 0.26 1732.5 0.33 20.68 0.24 2345.22 0.29 25.51 0.5091261011482504 35.25169209643019 0.7954360228198859 0.610381488430269 0.3906178203665722 0.6249942562668653 3.0667574156538766 5.6552319895968015 2.0 
55.67 78.18 6.0 212.0 55.67 23.87 4934.13 177074.61 2.6 6.0 -0.052612153810940705 4.044133724726698e-05 0.0010314784000363775 0.54 2083.64 0.57 21.95 0.53 2452.28 0.56 23.65 0.55 1338.05 0.58 17.02 0.51 3268.99 0.53 28.52 0.6120051833897141 34.815571898044055 0.360333080999243 0.2408906882591093 0.11196378022489448 0.3346098925986715 3.0031136555381153 5.545174108629071 2.0 
91.83 110.6 2.0 27.0 91.83 47.78 2185.81 90332.5 2.56 2.0 -0.026127975509269874 1.7866728952172802e-05 0.0012045124147896673 0.49 1568.53 0.61 15.34 0.49 1028.14 0.6 11.52 0.49 1382.25 0.6 15.17 0.45 4165.36 0.54 28.88 0.9398790843564766 43.23327019404407 0.8465974625144176 0.3881544156530936 0.4458295608681673 0.6677046958560103 2.9999375996453836 5.53925150925712 1.0 
177.81 102.38 243.0 251.0 177.81 40.95 -3970.22 136185.31 3.47 2.0 0.036848392080567643 3.86900258912158e-05 0.0017214663847518288 0.18 1342.94 0.53 14.56 0.15 3238.93 0.48 23.92 0.18 1684.81 0.57 15.78 0.16 2232.83 0.48 19.18 0.7854721590144169 168.16257100962736 0.9462338104976141 0.727862620436521 0.5274884438502195 0.7262839966915281 3.072543169298715 5.665011266317068 1.0 
64.71 84.38 6.0 26.0 64.71 27.81 3810.22 133198.76 2.64 6.0 -0.04598949988555734 2.898327697114542e-05 0.0016840223649929088 0.53 1395.43 0.57 16.42 0.5 3119.01 0.53 27.37 0.53 1529.22 0.57 17.59 0.51 2001.39 0.55 20.53 0.9517694941347457 41.97813156768016 0.5003615328994938 0.2428922428922429 0.06909354161275462 0.26285650384336057 2.9738766452368277 5.492179528432984 2.0 
125.21 118.49 117.5 251.0 125.21 54.84 56.43 70070.98 2.51 2.0 -0.0016808766308079835 3.0125216250679497e-05 0.0014309042897400642 0.39 1465.04 0.69 14.37 0.38 1687.9 0.67 13.8 0.39 1665.38 0.69 15.23 0.36 3685.61 0.64 24.29 0.912492600610466 159.39329306983225 0.8636973553218197 0.5003761472491098 0.4808371545971198 0.6934242241205016 3.0317473607002436 5.594426566431014 1.0 
116.9 110.18 98.5 249.0 116.9 47.42 283.26 74671.17 3.35 2.0 -0.007767080567635603 2.6820926250647807e-05 0.0018025773934578688 0.36 1369.46 0.5 15.65 0.33 3600.33 0.45 28.34 0.36 1487.66 0.55 15.23 0.35 1547.12 0.5 15.99 0.9120724596019144 145.66146976282627 0.7817968566737039 0.5037180339761804 0.3395114349269356 0.582676097782409 3.0327694638127287 5.596114400721232 1.0 
94.75 114.33 2.0 27.0 94.75 51.06 2175.75 90088.26 2.08 2.0 -0.02399075875486382 2.0812598380828763e-05 0.0013943339804014972 0.54 1645.7 0.74 15.39 0.54 1335.85 0.74 12.54 0.54 1712.07 0.73 16.01 0.5 4430.81 0.68 28.8 0.9432241834312903 141.45302911395387 0.8480841878035618 0.37466622162883845 0.31682979327540234 0.5628763570051618 2.9941499033068553 5.529084579866043 1.0 
119.09 118.51 60.5 252.0 119.09 54.86 463.62 70761.6 2.58 2.0 -0.006158445868619825 1.77240126468279e-05 0.001225235478609996 0.42 1275.59 0.67 13.47 0.42 695.32 0.69 7.71 0.42 1287.2 0.68 13.64 0.39 3722.45 0.62 25.36 0.9822078341758826 51.42488244434724 0.9190265486725664 0.4904368358913814 0.3440303485596148 0.5865410033063457 3.0164413766051212 5.567664220704138 1.0 
